0.00249559 0 23 20
0.00292164 0.001 7 20
0.00217554 0.002 16 20
0.00241424 0.003 15 20
0.00226598 0.004 23 20
0.00183046 0.005 17 23
0.00237154 0.006 13 23
0.00173087 0.007 11 23
0.00177576 0.008 22 11
0.00205638 0.009 24 11
0.00200566 0.01 10 11
0.00148303 0.011 14 10
0.00211886 0.012 18 10
0.00176462 0.013 21 10
0.00138699 0.014 26 10
0.00180145 0.015 21 10
0.000887869 0.016 21 21
0.000493205 0.017 24 21
0.00105789 0.018 19 21
0.00159902 0.019 5 21
0.00176525 0.02 2 21
0.00159006 0.021 25 21
0.0016731 0.022 9 21
0.00156813 0.023 5 21
0.00115529 0.024 10 5
0.00115761 0.025 21 10
0.000676301 0.026 11 21
0.000919583 0.027 24 21
0.000934892 0.028 12 21
0.925535 0.029 1 21
0.00355743 0.03 17 21
0.00277415 0.031 9 21
0.895044 0.032 1 9
0.00678589 0.033 24 1
0.00455975 0.034 18 24
0.836877 0.035 1 24
0.0236884 0.036 8 1
0.0244432 0.037 4 1
0.796296 0.038 1 1
0.0586338 0.039 9 1
0.0251573 0.04 7 1
0.0180474 0.041 21 1
0.00993549 0.042 3 1
0.0116921 0.043 16 1
0.00761872 0.044 2 1
0.00791386 0.045 20 1
0.00917708 0.046 10 1
0.00327199 0.047 12 10
0.00554384 0.048 11 1
0.00373881 0.049 20 1
